0.000005s = (12V * t) / I

I = (12V * t) / 0.000005s


t = (0.000005s * I) / 12V