JOB_NAME=4600289a_y2
ODB_VERSION_MAJOR=6
ODB_VERSION_MINOR=1
CREATION_DATE=20220614.183443
SAVE_DATE=20220614.185128
SAVE_APP=Genesis 09.07b2
SAVE_USER=0
